0	1932
1	1932
2	1932
3	1932
4	1932
5	1932
6	1932
7	1932
8	1932
9	1932
10	1932
11	1932
12	1932
13	1932
14	1932
15	1932
16	1932
17	1932
18	1932
19	1932
20	1932
21	1932
22	1932
23	1932
24	1932
25	1932
26	1932
27	3608
28	3608
29	3608
30	3608
31	3608
32	3608
33	3608
34	3608
35	3608
36	3608
37	3608
38	3608
39	3608
40	3608
41	3608
42	3608
43	3608
44	3608
45	3608
46	3608
47	3608
48	3608
49	3608
50	3608
51	3608
52	3608
53	3608
54	3608
55	3608
56	3608
57	3608
58	3608
59	3608
60	3608
61	3608
62	3608
63	3608
64	3608
65	3608
66	3608
67	3608
68	3608
69	3608
70	3608
71	3608
72	3608
73	3608
74	3608
75	3608
76	3608
77	3608
78	3608
79	3608
80	3608
81	3608
82	3608
83	3608
84	3608
85	3608
86	3608
87	3872
88	3872
89	3872
90	3872
91	3872
92	3872
93	3872
94	3872
95	3872
96	3872
97	3872
98	3872
99	3872
100	3872
101	3872
102	3872
103	3872
104	3872
105	3872
106	3872
107	3872
108	3872
109	3872
110	3872
111	3872
112	3872
113	3872
114	3872
115	3872
116	3872
117	3872
118	3872
119	3872
120	3872
121	3872
122	3872
123	3872
124	3872
125	3872
126	3872
127	3872
128	3872
129	3872
130	3872
131	3872
132	3872
133	3872
134	3872
135	3872
136	3872
137	3872
138	3872
139	3872
140	3872
141	3872
142	3872
143	3872
144	3872
145	3872
146	3872
147	3872
148	4136
149	4136
150	4136
151	4136
152	4136
153	4136
154	4136
155	4136
156	4136
157	4136
158	4136
159	4136
160	4136
161	4136
162	4136
163	4136
164	4136
165	4136
166	4136
167	4136
168	4136
169	4136
170	4136
171	4136
172	4136
173	4136
174	4136
175	4136
176	4136
177	4136
178	4136
179	4136
180	4136
181	4136
182	4136
183	4136
184	4136
185	4136
186	4136
187	4136
188	4136
189	4136
190	4136
191	4136
192	4136
193	4136
194	4136
195	4136
196	4136
197	4136
198	4136
199	4136
200	4136
201	4136
202	4136
203	4136
204	4136
205	4136
206	4136
207	4136
208	4136
209	4400
210	4400
211	4400
212	4400
213	4400
214	4400
215	4400
216	4400
217	4400
218	4400
219	4400
220	4400
221	4400
222	4400
223	4400
224	4400
225	4400
226	4400
227	4400
228	4400
229	4400
230	4400
231	4400
232	4400
233	4400
234	4400
235	4400
236	4400
237	4400
238	4400
239	4400
240	4400
241	4400
242	4400
243	4400
244	4400
245	4400
246	4400
247	4400
248	4400
249	4400
250	4400
251	4400
252	4400
253	4400
254	4400
255	4400
256	4400
257	4400
258	4400
259	4400
260	4400
261	4400
262	4400
263	4400
264	4400
265	4400
266	4400
267	4400
268	4400
269	4664
270	4664
271	4664
272	4664
273	4664
274	4664
275	4664
276	4664
277	4664
278	4664
279	4664
280	4664
281	4664
282	4664
283	4664
284	4664
285	4664
286	4664
287	4664
288	4664
289	4664
290	4664
291	4664
292	4664
293	4664
294	4664
295	4664
296	4664
297	4664
298	4664
299	4664
300	4664
301	4664
302	4664
303	4664
304	4664
305	4664
306	4664
307	4664
308	4664
309	4664
310	4664
311	4664
312	4664
313	4664
314	4664
315	4664
316	4664
317	4664
318	4664
319	4664
320	4664
321	4664
322	4664
323	4664
324	4664
325	4664
326	4664
327	4664
328	4664
329	4664
330	4928
331	4928
332	4928
333	4928
334	4928
335	4928
336	4928
337	4928
338	4928
339	4928
340	4928
341	4928
342	4928
343	4928
344	4928
345	4928
346	4928
347	4928
348	4928
349	4928
350	4928
351	4928
352	4928
353	4928
354	4928
355	4928
356	4928
357	4928
358	4928
359	4928
360	4928
361	4928
362	4928
363	4928
364	4928
365	4928
366	4928
367	4928
368	4928
369	4928
370	4928
371	4928
372	4928
373	4928
374	4928
375	4928
376	4928
377	4928
378	4928
379	4928
380	4928
381	4928
382	4928
383	4928
384	4928
385	4928
386	4928
387	4928
388	4928
389	4928
390	4928
391	5192
392	5192
393	5192
394	5192
395	5192
396	5192
397	5192
398	5192
399	5192
400	5192
401	5192
402	5192
403	5192
404	5192
405	5192
406	5192
407	5192
408	5192
409	5192
410	5192
411	5192
412	5192
413	5192
414	5192
415	5192
416	5192
417	5192
418	5192
419	5192
420	5192
421	5192
422	5192
423	5192
424	5192
425	5192
426	5192
427	5192
428	5192
429	5192
430	5192
431	5192
432	5192
433	5192
434	5192
435	5192
436	5192
437	5192
438	5192
439	5192
440	5192
441	5192
442	5192
443	5192
444	5192
445	5192
446	5192
447	5192
448	5192
449	5192
450	5192
451	5192
452	5456
453	5456
454	5456
455	5456
456	5456
457	5456
458	5456
459	5456
460	5456
461	5456
462	5456
463	5456
464	5456
465	5456
466	5456
467	5456
468	5456
469	5456
470	5456
471	5456
472	5456
473	5456
474	5456
475	5456
476	5456
477	5456
478	5456
479	5456
480	5456
481	5456
482	5456
483	5456
484	5456
485	5456
486	5456
487	5456
488	5456
489	5456
490	5456
491	5456
492	5456
493	5456
494	5456
495	5456
496	5456
497	5456
498	5456
499	5456
500	5456
501	5456
502	5456
503	5456
504	5456
505	5456
506	5456
507	5456
508	5456
509	5456
510	5456
511	5456
512	5456
513	5720
514	5720
515	5720
516	5720
517	5720
518	5720
519	5720
520	5720
521	5720
522	5720
523	5720
524	5720
525	5720
526	5720
527	5720
528	5720
529	5720
530	5720
531	5720
532	5720
533	5720
534	5720
535	5720
536	5720
537	5720
538	5720
539	5720
540	5720
541	5720
542	5720
543	5720
544	5720
545	5720
546	5720
547	5720
548	5720
549	5720
550	5720
551	5720
552	5720
553	5720
554	5720
555	5720
556	5720
557	5720
558	5720
559	5720
560	5720
561	5720
562	5720
563	5720
564	5720
565	5720
566	5720
567	5720
568	5720
569	5720
570	5720
571	5720
572	5720
573	5984
574	5984
575	5984
576	5984
577	5984
578	5984
579	5984
580	5984
581	5984
582	5984
583	5984
584	5984
585	5984
586	5984
587	5984
588	5984
589	5984
590	5984
591	5984
592	5984
593	5984
594	5984
595	5984
596	5984
597	5984
598	5984
599	5984
600	5984
601	5984
602	5984
603	5984
604	5984
605	5984
606	5984
607	5984
608	5984
609	5984
610	5984
611	5984
612	5984
613	5984
614	5984
615	5984
616	5984
617	5984
618	5984
619	5984
620	5984
621	5984
622	5984
623	5984
624	5984
625	5984
626	5984
627	5984
628	5984
629	5984
630	5984
631	5984
632	5984
633	5984
634	6248
635	6248
636	6248
637	6248
638	6248
639	6248
640	6248
641	6248
642	6248
643	6248
644	6248
645	6248
646	6248
647	6248
648	6248
649	6248
650	6248
651	6248
652	6248
653	6248
654	6248
655	6248
656	6248
657	6248
658	6248
659	6248
660	6248
661	6248
662	6248
663	6248
664	6248
665	6248
666	6248
667	6248
668	6248
669	6248
670	6248
671	6248
672	6248
673	6248
674	6248
675	6248
676	6248
677	6248
678	6248
679	6248
680	6248
681	6248
682	6248
683	6248
684	6248
685	6248
686	6248
687	6248
688	6248
689	6248
690	6248
691	6248
692	6248
693	6248
694	6248
695	6512
696	6512
697	6512
698	6512
699	6512
700	6512
701	6512
702	6512
703	6512
704	6512
705	6512
706	6512
707	6512
708	6512
709	6512
710	6512
711	6512
712	6512
713	6512
714	6512
715	6512
716	6512
717	6512
718	6512
719	6512
720	6512
721	6512
722	6512
723	6512
724	6512
725	6512
726	6512
727	6512
728	6512
729	6512
730	6512
731	6512
732	6512
733	6512
734	6512
735	6512
736	6512
737	6512
738	6512
739	6512
740	6512
741	6512
742	6512
743	6512
744	6512
745	6512
746	6512
747	6512
748	6512
749	6512
750	6512
751	6512
752	6512
753	6512
754	6512
755	6512
756	6776
757	6776
758	6776
759	6776
760	6776
761	6776
762	6776
763	6776
764	6776
765	6776
766	6776
767	6776
768	6776
769	6776
770	6776
771	6776
772	6776
773	6776
774	6776
775	6776
776	6776
777	6776
778	6776
779	6776
780	6776
781	6776
782	6776
783	6776
784	6776
785	6776
786	6776
787	6776
788	6776
789	6776
790	6776
791	6776
792	6776
793	6776
794	6776
795	6776
796	6776
797	6776
798	6776
799	6776
800	6776
801	6776
802	6776
803	6776
804	6776
805	6776
806	6776
807	6776
808	6776
809	6776
810	6776
811	6776
812	6776
813	6776
814	6776
815	6776
816	6776
817	7040
818	7040
819	7040
820	7040
821	7040
822	7040
823	7040
824	7040
825	7040
826	7040
827	7040
828	7040
829	7040
830	7040
831	7040
832	7040
833	7040
834	7040
835	7040
836	7040
837	7040
838	7040
839	7040
840	7040
841	7040
842	7040
843	7040
844	7040
845	7040
846	7040
847	7040
848	7040
849	7040
850	7040
851	7040
852	7040
853	7040
854	7040
855	7040
856	7040
857	7040
858	7040
859	7040
860	7040
861	7040
862	7040
863	7040
864	7040
865	7040
866	7040
867	7040
868	7040
869	7040
870	7040
871	7040
872	7040
873	7040
874	7040
875	7040
876	7040
877	7040
878	7304
879	7304
880	7304
881	7304
882	7304
883	7304
884	7304
885	7304
886	7304
887	7304
888	7304
889	7304
890	7304
891	7304
892	7304
893	7304
894	7304
895	7304
896	7304
897	7304
898	7304
899	7304
900	7304
901	7304
902	7304
903	7304
904	7304
905	7304
906	7304
907	7304
908	7304
909	7304
910	7304
911	7304
912	7304
913	7304
914	7304
915	7304
916	7304
917	7304
918	7304
919	7304
920	7304
921	7304
922	7304
923	7304
924	7304
925	7304
926	7304
927	7304
928	7304
929	7304
930	7304
931	7304
932	7304
933	7304
934	7304
935	7304
936	7304
937	7304
938	7304
939	7568
940	7568
941	7568
942	7568
943	7568
944	7568
945	7568
946	7568
947	7568
948	7568
949	7568
950	7568
951	7568
952	7568
953	7568
954	7568
955	7568
956	7568
957	7568
958	7568
959	7568
960	7568
961	7568
962	7568
963	7568
964	7568
965	7568
966	7568
967	7568
968	7568
969	7568
970	7568
971	7568
972	7568
973	7568
974	7568
975	7568
976	7568
977	7568
978	7568
979	7568
980	7568
981	7568
982	7568
983	7568
984	7568
985	7568
986	7568
987	7568
988	7568
989	7568
990	7568
991	7568
992	7568
993	7568
994	7568
995	7568
996	7568
997	7568
998	7568
999	7568
