0	1932
1	1932
2	1932
3	1932
4	1932
5	1932
6	1932
7	1932
8	1932
9	1932
10	1932
11	1932
12	1932
13	1932
14	1932
15	1932
16	1932
17	1932
18	1932
19	1932
20	1932
21	1932
22	1932
23	1932
24	1932
25	1932
26	1932
27	3572
28	3572
29	3572
30	3572
31	3572
32	3572
33	3572
34	3572
35	3572
36	3572
37	3572
38	3572
39	3572
40	3572
41	3572
42	3572
43	3572
44	3572
45	3572
46	3572
47	3572
48	3572
49	3572
50	3572
51	3572
52	3572
53	3572
54	3572
55	3572
56	3572
57	3572
58	3572
59	3572
60	3572
61	3572
62	3572
63	3572
64	3572
65	3572
66	3572
67	3572
68	3572
69	3572
70	3572
71	3572
72	3572
73	3572
74	3572
75	3572
76	3572
77	3572
78	3572
79	3572
80	3572
81	3572
82	3572
83	3572
84	3572
85	3572
86	3572
87	3836
88	3836
89	3836
90	3836
91	3836
92	3836
93	3836
94	3836
95	3836
96	3836
97	3836
98	3836
99	3836
100	3836
101	3836
102	3836
103	3836
104	3836
105	3836
106	3836
107	3836
108	3836
109	3836
110	3836
111	3836
112	3836
113	3836
114	3836
115	3836
116	3836
117	3836
118	3836
119	3836
120	3836
121	3836
122	3836
123	3836
124	3836
125	3836
126	3836
127	3836
128	3836
129	3836
130	3836
131	3836
132	3836
133	3836
134	3836
135	3836
136	3836
137	3836
138	3836
139	3836
140	3836
141	3836
142	3836
143	3836
144	3836
145	3836
146	3836
147	3836
148	4100
149	4100
150	4100
151	4100
152	4100
153	4100
154	4100
155	4100
156	4100
157	4100
158	4100
159	4100
160	4100
161	4100
162	4100
163	4100
164	4100
165	4100
166	4100
167	4100
168	4100
169	4100
170	4100
171	4100
172	4100
173	4100
174	4100
175	4100
176	4100
177	4100
178	4100
179	4100
180	4100
181	4100
182	4100
183	4100
184	4100
185	4100
186	4100
187	4100
188	4100
189	4100
190	4100
191	4100
192	4100
193	4100
194	4100
195	4100
196	4100
197	4100
198	4100
199	4100
200	4100
201	4100
202	4100
203	4100
204	4100
205	4100
206	4100
207	4100
208	4100
209	4364
210	4364
211	4364
212	4364
213	4364
214	4364
215	4364
216	4364
217	4364
218	4364
219	4364
220	4364
221	4364
222	4364
223	4364
224	4364
225	4364
226	4364
227	4364
228	4364
229	4364
230	4364
231	4364
232	4364
233	4364
234	4364
235	4364
236	4364
237	4364
238	4364
239	4364
240	4364
241	4364
242	4364
243	4364
244	4364
245	4364
246	4364
247	4364
248	4364
249	4364
250	4364
251	4364
252	4364
253	4364
254	4364
255	4364
256	4364
257	4364
258	4364
259	4364
260	4364
261	4364
262	4364
263	4364
264	4364
265	4364
266	4364
267	4364
268	4364
269	4628
270	4628
271	4628
272	4628
273	4628
274	4628
275	4628
276	4628
277	4628
278	4628
279	4628
280	4628
281	4628
282	4628
283	4628
284	4628
285	4628
286	4628
287	4628
288	4628
289	4628
290	4628
291	4628
292	4628
293	4628
294	4628
295	4628
296	4628
297	4628
298	4628
299	4628
300	4628
301	4628
302	4628
303	4628
304	4628
305	4628
306	4628
307	4628
308	4628
309	4628
310	4628
311	4628
312	4628
313	4628
314	4628
315	4628
316	4628
317	4628
318	4628
319	4628
320	4628
321	4628
322	4628
323	4628
324	4628
325	4628
326	4628
327	4628
328	4628
329	4628
330	4892
331	4892
332	4892
333	4892
334	4892
335	4892
336	4892
337	4892
338	4892
339	4892
340	4892
341	4892
342	4892
343	4892
344	4892
345	4892
346	4892
347	4892
348	4892
349	4892
350	4892
351	4892
352	4892
353	4892
354	4892
355	4892
356	4892
357	4892
358	4892
359	4892
360	4892
361	4892
362	4892
363	4892
364	4892
365	4892
366	4892
367	4892
368	4892
369	4892
370	4892
371	4892
372	4892
373	4892
374	4892
375	4892
376	4892
377	4892
378	4892
379	4892
380	4892
381	4892
382	4892
383	4892
384	4892
385	4892
386	4892
387	4892
388	4892
389	4892
390	4892
391	5156
392	5156
393	5156
394	5156
395	5156
396	5156
397	5156
398	5156
399	5156
400	5156
401	5156
402	5156
403	5156
404	5156
405	5156
406	5156
407	5156
408	5156
409	5156
410	5156
411	5156
412	5156
413	5156
414	5156
415	5156
416	5156
417	5156
418	5156
419	5156
420	5156
421	5156
422	5156
423	5156
424	5156
425	5156
426	5156
427	5156
428	5156
429	5156
430	5156
431	5156
432	5156
433	5156
434	5156
435	5156
436	5156
437	5156
438	5156
439	5156
440	5156
441	5156
442	5156
443	5156
444	5156
445	5156
446	5156
447	5156
448	5156
449	5156
450	5156
451	5156
452	5420
453	5420
454	5420
455	5420
456	5420
457	5420
458	5420
459	5420
460	5420
461	5420
462	5420
463	5420
464	5420
465	5420
466	5420
467	5420
468	5420
469	5420
470	5420
471	5420
472	5420
473	5420
474	5420
475	5420
476	5420
477	5420
478	5420
479	5420
480	5420
481	5420
482	5420
483	5420
484	5420
485	5420
486	5420
487	5420
488	5420
489	5420
490	5420
491	5420
492	5420
493	5420
494	5420
495	5420
496	5420
497	5420
498	5420
499	5420
500	5420
501	5420
502	5420
503	5420
504	5420
505	5420
506	5420
507	5420
508	5420
509	5420
510	5420
511	5420
512	5420
513	5684
514	5684
515	5684
516	5684
517	5684
518	5684
519	5684
520	5684
521	5684
522	5684
523	5684
524	5684
525	5684
526	5684
527	5684
528	5684
529	5684
530	5684
531	5684
532	5684
533	5684
534	5684
535	5684
536	5684
537	5684
538	5684
539	5684
540	5684
541	5684
542	5684
543	5684
544	5684
545	5684
546	5684
547	5684
548	5684
549	5684
550	5684
551	5684
552	5684
553	5684
554	5684
555	5684
556	5684
557	5684
558	5684
559	5684
560	5684
561	5684
562	5684
563	5684
564	5684
565	5684
566	5684
567	5684
568	5684
569	5684
570	5684
571	5684
572	5684
573	5948
574	5948
575	5948
576	5948
577	5948
578	5948
579	5948
580	5948
581	5948
582	5948
583	5948
584	5948
585	5948
586	5948
587	5948
588	5948
589	5948
590	5948
591	5948
592	5948
593	5948
594	5948
595	5948
596	5948
597	5948
598	5948
599	5948
600	5948
601	5948
602	5948
603	5948
604	5948
605	5948
606	5948
607	5948
608	5948
609	5948
610	5948
611	5948
612	5948
613	5948
614	5948
615	5948
616	5948
617	5948
618	5948
619	5948
620	5948
621	5948
622	5948
623	5948
624	5948
625	5948
626	5948
627	5948
628	5948
629	5948
630	5948
631	5948
632	5948
633	5948
634	6212
635	6212
636	6212
637	6212
638	6212
639	6212
640	6212
641	6212
642	6212
643	6212
644	6212
645	6212
646	6212
647	6212
648	6212
649	6212
650	6212
651	6212
652	6212
653	6212
654	6212
655	6212
656	6212
657	6212
658	6212
659	6212
660	6212
661	6212
662	6212
663	6212
664	6212
665	6212
666	6212
667	6212
668	6212
669	6212
670	6212
671	6212
672	6212
673	6212
674	6212
675	6212
676	6212
677	6212
678	6212
679	6212
680	6212
681	6212
682	6212
683	6212
684	6212
685	6212
686	6212
687	6212
688	6212
689	6212
690	6212
691	6212
692	6212
693	6212
694	6212
695	6476
696	6476
697	6476
698	6476
699	6476
700	6476
701	6476
702	6476
703	6476
704	6476
705	6476
706	6476
707	6476
708	6476
709	6476
710	6476
711	6476
712	6476
713	6476
714	6476
715	6476
716	6476
717	6476
718	6476
719	6476
720	6476
721	6476
722	6476
723	6476
724	6476
725	6476
726	6476
727	6476
728	6476
729	6476
730	6476
731	6476
732	6476
733	6476
734	6476
735	6476
736	6476
737	6476
738	6476
739	6476
740	6476
741	6476
742	6476
743	6476
744	6476
745	6476
746	6476
747	6476
748	6476
749	6476
750	6476
751	6476
752	6476
753	6476
754	6476
755	6476
756	6740
757	6740
758	6740
759	6740
760	6740
761	6740
762	6740
763	6740
764	6740
765	6740
766	6740
767	6740
768	6740
769	6740
770	6740
771	6740
772	6740
773	6740
774	6740
775	6740
776	6740
777	6740
778	6740
779	6740
780	6740
781	6740
782	6740
783	6740
784	6740
785	6740
786	6740
787	6740
788	6740
789	6740
790	6740
791	6740
792	6740
793	6740
794	6740
795	6740
796	6740
797	6740
798	6740
799	6740
800	6740
801	6740
802	6740
803	6740
804	6740
805	6740
806	6740
807	6740
808	6740
809	6740
810	6740
811	6740
812	6740
813	6740
814	6740
815	6740
816	6740
817	7004
818	7004
819	7004
820	7004
821	7004
822	7004
823	7004
824	7004
825	7004
826	7004
827	7004
828	7004
829	7004
830	7004
831	7004
832	7004
833	7004
834	7004
835	7004
836	7004
837	7004
838	7004
839	7004
840	7004
841	7004
842	7004
843	7004
844	7004
845	7004
846	7004
847	7004
848	7004
849	7004
850	7004
851	7004
852	7004
853	7004
854	7004
855	7004
856	7004
857	7004
858	7004
859	7004
860	7004
861	7004
862	7004
863	7004
864	7004
865	7004
866	7004
867	7004
868	7004
869	7004
870	7004
871	7004
872	7004
873	7004
874	7004
875	7004
876	7004
877	7004
878	7268
879	7268
880	7268
881	7268
882	7268
883	7268
884	7268
885	7268
886	7268
887	7268
888	7268
889	7268
890	7268
891	7268
892	7268
893	7268
894	7268
895	7268
896	7268
897	7268
898	7268
899	7268
900	7268
901	7268
902	7268
903	7268
904	7268
905	7268
906	7268
907	7268
908	7268
909	7268
910	7268
911	7268
912	7268
913	7268
914	7268
915	7268
916	7268
917	7268
918	7268
919	7268
920	7268
921	7268
922	7268
923	7268
924	7268
925	7268
926	7268
927	7268
928	7268
929	7268
930	7268
931	7268
932	7268
933	7268
934	7268
935	7268
936	7268
937	7268
938	7268
939	7532
940	7532
941	7532
942	7532
943	7532
944	7532
945	7532
946	7532
947	7532
948	7532
949	7532
950	7532
951	7532
952	7532
953	7532
954	7532
955	7532
956	7532
957	7532
958	7532
959	7532
960	7532
961	7532
962	7532
963	7532
964	7532
965	7532
966	7532
967	7532
968	7532
969	7532
970	7532
971	7532
972	7532
973	7532
974	7532
975	7532
976	7532
977	7532
978	7532
979	7532
980	7532
981	7532
982	7532
983	7532
984	7532
985	7532
986	7532
987	7532
988	7532
989	7532
990	7532
991	7532
992	7532
993	7532
994	7532
995	7532
996	7532
997	7532
998	7532
999	7532
