0	1976
1	1976
2	1976
3	1976
4	1976
5	1976
6	1976
7	1976
8	1976
9	1976
10	1976
11	1976
12	1976
13	1976
14	1976
15	1976
16	1976
17	1976
18	1976
19	1976
20	1976
21	1976
22	1976
23	1976
24	1976
25	1976
26	1976
27	3560
28	3560
29	3560
30	3560
31	3560
32	3560
33	3560
34	3560
35	3560
36	3560
37	3560
38	3560
39	3560
40	3560
41	3560
42	3560
43	3560
44	3560
45	3560
46	3560
47	3560
48	3560
49	3560
50	3560
51	3560
52	3560
53	3560
54	3560
55	3560
56	3560
57	3560
58	3560
59	3560
60	3560
61	3560
62	3560
63	3560
64	3560
65	3560
66	3560
67	3560
68	3560
69	3560
70	3560
71	3560
72	3560
73	3560
74	3560
75	3560
76	3560
77	3560
78	3560
79	3560
80	3560
81	3560
82	3560
83	3560
84	3560
85	3560
86	3560
87	3560
88	3824
89	3824
90	3824
91	3824
92	3824
93	3824
94	3824
95	3824
96	3824
97	3824
98	3824
99	3824
100	3824
101	3824
102	3824
103	3824
104	3824
105	3824
106	3824
107	3824
108	3824
109	3824
110	3824
111	3824
112	3824
113	3824
114	3824
115	3824
116	3824
117	3824
118	3824
119	3824
120	3824
121	3824
122	3824
123	3824
124	3824
125	3824
126	3824
127	3824
128	3824
129	3824
130	3824
131	3824
132	3824
133	3824
134	3824
135	3824
136	3824
137	3824
138	3824
139	3824
140	3824
141	3824
142	3824
143	3824
144	3824
145	3824
146	3824
147	3824
148	3824
149	4088
150	4088
151	4088
152	4088
153	4088
154	4088
155	4088
156	4088
157	4088
158	4088
159	4088
160	4088
161	4088
162	4088
163	4088
164	4088
165	4088
166	4088
167	4088
168	4088
169	4088
170	4088
171	4088
172	4088
173	4088
174	4088
175	4088
176	4088
177	4088
178	4088
179	4088
180	4088
181	4088
182	4088
183	4088
184	4088
185	4088
186	4088
187	4088
188	4088
189	4088
190	4088
191	4088
192	4088
193	4088
194	4088
195	4088
196	4088
197	4088
198	4088
199	4088
200	4088
201	4088
202	4088
203	4088
204	4088
205	4088
206	4088
207	4088
208	4088
209	4088
210	4352
211	4352
212	4352
213	4352
214	4352
215	4352
216	4352
217	4352
218	4352
219	4352
220	4352
221	4352
222	4352
223	4352
224	4352
225	4352
226	4352
227	4352
228	4352
229	4352
230	4352
231	4352
232	4352
233	4352
234	4352
235	4352
236	4352
237	4352
238	4352
239	4352
240	4352
241	4352
242	4352
243	4352
244	4352
245	4352
246	4352
247	4352
248	4352
249	4352
250	4352
251	4352
252	4352
253	4352
254	4352
255	4352
256	4352
257	4352
258	4352
259	4352
260	4352
261	4352
262	4352
263	4352
264	4352
265	4352
266	4352
267	4352
268	4352
269	4352
270	4352
271	4616
272	4616
273	4616
274	4616
275	4616
276	4616
277	4616
278	4616
279	4616
280	4616
281	4616
282	4616
283	4616
284	4616
285	4616
286	4616
287	4616
288	4616
289	4616
290	4616
291	4616
292	4616
293	4616
294	4616
295	4616
296	4616
297	4616
298	4616
299	4616
300	4616
301	4616
302	4616
303	4616
304	4616
305	4616
306	4616
307	4616
308	4616
309	4616
310	4616
311	4616
312	4616
313	4616
314	4616
315	4616
316	4616
317	4616
318	4616
319	4616
320	4616
321	4616
322	4616
323	4616
324	4616
325	4616
326	4616
327	4616
328	4616
329	4616
330	4616
331	4616
332	4616
333	4880
334	4880
335	4880
336	4880
337	4880
338	4880
339	4880
340	4880
341	4880
342	4880
343	4880
344	4880
345	4880
346	4880
347	4880
348	4880
349	4880
350	4880
351	4880
352	4880
353	4880
354	4880
355	4880
356	4880
357	4880
358	4880
359	4880
360	4880
361	4880
362	4880
363	4880
364	4880
365	4880
366	4880
367	4880
368	4880
369	4880
370	4880
371	4880
372	4880
373	4880
374	4880
375	4880
376	4880
377	4880
378	4880
379	4880
380	4880
381	4880
382	4880
383	4880
384	4880
385	4880
386	4880
387	4880
388	4880
389	4880
390	4880
391	4880
392	4880
393	4880
394	5144
395	5144
396	5144
397	5144
398	5144
399	5144
400	5144
401	5144
402	5144
403	5144
404	5144
405	5144
406	5144
407	5144
408	5144
409	5144
410	5144
411	5144
412	5144
413	5144
414	5144
415	5144
416	5144
417	5144
418	5144
419	5144
420	5144
421	5144
422	5144
423	5144
424	5144
425	5144
426	5144
427	5144
428	5144
429	5144
430	5144
431	5144
432	5144
433	5144
434	5144
435	5144
436	5144
437	5144
438	5144
439	5144
440	5144
441	5144
442	5144
443	5144
444	5144
445	5144
446	5144
447	5144
448	5144
449	5144
450	5144
451	5144
452	5144
453	5144
454	5144
455	5408
456	5408
457	5408
458	5408
459	5408
460	5408
461	5408
462	5408
463	5408
464	5408
465	5408
466	5408
467	5408
468	5408
469	5408
470	5408
471	5408
472	5408
473	5408
474	5408
475	5408
476	5408
477	5408
478	5408
479	5408
480	5408
481	5408
482	5408
483	5408
484	5408
485	5408
486	5408
487	5408
488	5408
489	5408
490	5408
491	5408
492	5408
493	5408
494	5408
495	5408
496	5408
497	5408
498	5408
499	5408
500	5408
501	5408
502	5408
503	5408
504	5408
505	5408
506	5408
507	5408
508	5408
509	5408
510	5408
511	5408
512	5408
513	5408
514	5408
515	5672
516	5672
517	5672
518	5672
519	5672
520	5672
521	5672
522	5672
523	5672
524	5672
525	5672
526	5672
527	5672
528	5672
529	5672
530	5672
531	5672
532	5672
533	5672
534	5672
535	5672
536	5672
537	5672
538	5672
539	5672
540	5672
541	5672
542	5672
543	5672
544	5672
545	5672
546	5672
547	5672
548	5672
549	5672
550	5672
551	5672
552	5672
553	5672
554	5672
555	5672
556	5672
557	5672
558	5672
559	5672
560	5672
561	5672
562	5672
563	5672
564	5672
565	5672
566	5672
567	5672
568	5672
569	5672
570	5672
571	5672
572	5672
573	5672
574	5672
575	5672
576	5672
577	5936
578	5936
579	5936
580	5936
581	5936
582	5936
583	5936
584	5936
585	5936
586	5936
587	5936
588	5936
589	5936
590	5936
591	5936
592	5936
593	5936
594	5936
595	5936
596	5936
597	5936
598	5936
599	5936
600	5936
601	5936
602	5936
603	5936
604	5936
605	5936
606	5936
607	5936
608	5936
609	5936
610	5936
611	5936
612	5936
613	5936
614	5936
615	5936
616	5936
617	5936
618	5936
619	5936
620	5936
621	5936
622	5936
623	5936
624	5936
625	5936
626	5936
627	5936
628	5936
629	5936
630	5936
631	5936
632	5936
633	5936
634	5936
635	5936
636	5936
637	5936
638	5936
639	6200
640	6200
641	6200
642	6200
643	6200
644	6200
645	6200
646	6200
647	6200
648	6200
649	6200
650	6200
651	6200
652	6200
653	6200
654	6200
655	6200
656	6200
657	6200
658	6200
659	6200
660	6200
661	6200
662	6200
663	6200
664	6200
665	6200
666	6200
667	6200
668	6200
669	6200
670	6200
671	6200
672	6200
673	6200
674	6200
675	6200
676	6200
677	6200
678	6200
679	6200
680	6200
681	6200
682	6200
683	6200
684	6200
685	6200
686	6200
687	6200
688	6200
689	6200
690	6200
691	6200
692	6200
693	6200
694	6200
695	6200
696	6200
697	6200
698	6200
699	6200
700	6464
701	6464
702	6464
703	6464
704	6464
705	6464
706	6464
707	6464
708	6464
709	6464
710	6464
711	6464
712	6464
713	6464
714	6464
715	6464
716	6464
717	6464
718	6464
719	6464
720	6464
721	6464
722	6464
723	6464
724	6464
725	6464
726	6464
727	6464
728	6464
729	6464
730	6464
731	6464
732	6464
733	6464
734	6464
735	6464
736	6464
737	6464
738	6464
739	6464
740	6464
741	6464
742	6464
743	6464
744	6464
745	6464
746	6464
747	6464
748	6464
749	6464
750	6464
751	6464
752	6464
753	6464
754	6464
755	6464
756	6464
757	6464
758	6464
759	6464
760	6464
761	6464
762	6728
763	6728
764	6728
765	6728
766	6728
767	6728
768	6728
769	6728
770	6728
771	6728
772	6728
773	6728
774	6728
775	6728
776	6728
777	6728
778	6728
779	6728
780	6728
781	6728
782	6728
783	6728
784	6728
785	6728
786	6728
787	6728
788	6728
789	6728
790	6728
791	6728
792	6728
793	6728
794	6728
795	6728
796	6728
797	6728
798	6728
799	6728
800	6728
801	6728
802	6728
803	6728
804	6728
805	6728
806	6728
807	6728
808	6728
809	6728
810	6728
811	6728
812	6728
813	6728
814	6728
815	6728
816	6728
817	6728
818	6728
819	6728
820	6728
821	6728
822	6728
823	6992
824	6992
825	6992
826	6992
827	6992
828	6992
829	6992
830	6992
831	6992
832	6992
833	6992
834	6992
835	6992
836	6992
837	6992
838	6992
839	6992
840	6992
841	6992
842	6992
843	6992
844	6992
845	6992
846	6992
847	6992
848	6992
849	6992
850	6992
851	6992
852	6992
853	6992
854	6992
855	6992
856	6992
857	6992
858	6992
859	6992
860	6992
861	6992
862	6992
863	6992
864	6992
865	6992
866	6992
867	6992
868	6992
869	6992
870	6992
871	6992
872	6992
873	6992
874	6992
875	6992
876	6992
877	6992
878	6992
879	6992
880	6992
881	6992
882	6992
883	6992
884	6992
885	7256
886	7256
887	7256
888	7256
889	7256
890	7256
891	7256
892	7256
893	7256
894	7256
895	7256
896	7256
897	7256
898	7256
899	7256
900	7256
901	7256
902	7256
903	7256
904	7256
905	7256
906	7256
907	7256
908	7256
909	7256
910	7256
911	7256
912	7256
913	7256
914	7256
915	7256
916	7256
917	7256
918	7256
919	7256
920	7256
921	7256
922	7256
923	7256
924	7256
925	7256
926	7256
927	7256
928	7256
929	7256
930	7256
931	7256
932	7256
933	7256
934	7256
935	7256
936	7256
937	7256
938	7256
939	7256
940	7256
941	7256
942	7256
943	7256
944	7256
945	7256
946	7520
947	7520
948	7520
949	7520
950	7520
951	7520
952	7520
953	7520
954	7520
955	7520
956	7520
957	7520
958	7520
959	7520
960	7520
961	7520
962	7520
963	7520
964	7520
965	7520
966	7520
967	7520
968	7520
969	7520
970	7520
971	7520
972	7520
973	7520
974	7520
975	7520
976	7520
977	7520
978	7520
979	7520
980	7520
981	7520
982	7520
983	7520
984	7520
985	7520
986	7520
987	7520
988	7520
989	7520
990	7520
991	7520
992	7520
993	7520
994	7520
995	7520
996	7520
997	7520
998	7520
999	7520
